##TITLE= sinc1.0
##JCAMP-DX= 5.00 Bruker JCAMP library
##DATA TYPE= Shape Data
##ORIGIN= Bruker BioSpin GmbH
##OWNER= <jurgen>
##DATE= 2009/05/26
##TIME= 14:28:11
##$SHAPE_PARAMETERS= Type: null
##MINX= 7.904538E-01
##MAXX= 1.000000E02
##MINY= 0.000000E00
##MAXY= 0.000000E00
##$SHAPE_EXMODE= None
##$SHAPE_TOTROT= 0.000000E00
##$SHAPE_TYPE= Excitation
##$SHAPE_USER_DEF= 
##$SHAPE_REPHFAC= 
##$SHAPE_BWFAC= 0.000000E00
##$SHAPE_BWFAC50= 
##$SHAPE_INTEGFAC= 5.950094E-01
##$SHAPE_MODE= 1
##NPOINTS= 256
##XYPOINTS= (XY..XY)
7.904538E-01, 0.000000E00
1.593021E00, 0.000000E00
2.407506E00, 0.000000E00
3.233707E00, 0.000000E00
4.071418E00, 0.000000E00
4.920427E00, 0.000000E00
5.780514E00, 0.000000E00
6.651459E00, 0.000000E00
7.533030E00, 0.000000E00
8.424995E00, 0.000000E00
9.327114E00, 0.000000E00
1.023914E01, 0.000000E00
1.116083E01, 0.000000E00
1.209192E01, 0.000000E00
1.303217E01, 0.000000E00
1.398129E01, 0.000000E00
1.493903E01, 0.000000E00
1.590510E01, 0.000000E00
1.687925E01, 0.000000E00
1.786117E01, 0.000000E00
1.885059E01, 0.000000E00
1.984721E01, 0.000000E00
2.085074E01, 0.000000E00
2.186088E01, 0.000000E00
2.287733E01, 0.000000E00
2.389978E01, 0.000000E00
2.492793E01, 0.000000E00
2.596146E01, 0.000000E00
2.700005E01, 0.000000E00
2.804338E01, 0.000000E00
2.909114E01, 0.000000E00
3.014300E01, 0.000000E00
3.119862E01, 0.000000E00
3.225768E01, 0.000000E00
3.331985E01, 0.000000E00
3.438478E01, 0.000000E00
3.545214E01, 0.000000E00
3.652158E01, 0.000000E00
3.759278E01, 0.000000E00
3.866537E01, 0.000000E00
3.973902E01, 0.000000E00
4.081338E01, 0.000000E00
4.188809E01, 0.000000E00
4.296281E01, 0.000000E00
4.403719E01, 0.000000E00
4.511087E01, 0.000000E00
4.618350E01, 0.000000E00
4.725472E01, 0.000000E00
4.832418E01, 0.000000E00
4.939152E01, 0.000000E00
5.045639E01, 0.000000E00
5.151843E01, 0.000000E00
5.257729E01, 0.000000E00
5.363260E01, 0.000000E00
5.468402E01, 0.000000E00
5.573118E01, 0.000000E00
5.677374E01, 0.000000E00
5.781133E01, 0.000000E00
5.884361E01, 0.000000E00
5.987023E01, 0.000000E00
6.089082E01, 0.000000E00
6.190505E01, 0.000000E00
6.291257E01, 0.000000E00
6.391302E01, 0.000000E00
6.490606E01, 0.000000E00
6.589135E01, 0.000000E00
6.686855E01, 0.000000E00
6.783732E01, 0.000000E00
6.879732E01, 0.000000E00
6.974822E01, 0.000000E00
7.068968E01, 0.000000E00
7.162139E01, 0.000000E00
7.254301E01, 0.000000E00
7.345421E01, 0.000000E00
7.435468E01, 0.000000E00
7.524411E01, 0.000000E00
7.612218E01, 0.000000E00
7.698858E01, 0.000000E00
7.784300E01, 0.000000E00
7.868515E01, 0.000000E00
7.951472E01, 0.000000E00
8.033142E01, 0.000000E00
8.113496E01, 0.000000E00
8.192505E01, 0.000000E00
8.270142E01, 0.000000E00
8.346379E01, 0.000000E00
8.421188E01, 0.000000E00
8.494544E01, 0.000000E00
8.566419E01, 0.000000E00
8.636788E01, 0.000000E00
8.705627E01, 0.000000E00
8.772909E01, 0.000000E00
8.838611E01, 0.000000E00
8.902709E01, 0.000000E00
8.965181E01, 0.000000E00
9.026006E01, 0.000000E00
9.085157E01, 0.000000E00
9.142617E01, 0.000000E00
9.198364E01, 0.000000E00
9.252378E01, 0.000000E00
9.304639E01, 0.000000E00
9.355129E01, 0.000000E00
9.403830E01, 0.000000E00
9.450723E01, 0.000000E00
9.495792E01, 0.000000E00
9.539020E01, 0.000000E00
9.580392E01, 0.000000E00
9.619894E01, 0.000000E00
9.657509E01, 0.000000E00
9.693226E01, 0.000000E00
9.727029E01, 0.000000E00
9.758910E01, 0.000000E00
9.788853E01, 0.000000E00
9.816851E01, 0.000000E00
9.842891E01, 0.000000E00
9.866964E01, 0.000000E00
9.889062E01, 0.000000E00
9.909179E01, 0.000000E00
9.927303E01, 0.000000E00
9.943430E01, 0.000000E00
9.957555E01, 0.000000E00
9.969672E01, 0.000000E00
9.979774E01, 0.000000E00
9.987861E01, 0.000000E00
9.993930E01, 0.000000E00
9.997977E01, 0.000000E00
1.000000E02, 0.000000E00
1.000000E02, 0.000000E00
1.000000E02, 0.000000E00
1.000000E02, 0.000000E00
9.997977E01, 0.000000E00
9.993930E01, 0.000000E00
9.987861E01, 0.000000E00
9.979774E01, 0.000000E00
9.969672E01, 0.000000E00
9.957555E01, 0.000000E00
9.943430E01, 0.000000E00
9.927303E01, 0.000000E00
9.909179E01, 0.000000E00
9.889062E01, 0.000000E00
9.866964E01, 0.000000E00
9.842891E01, 0.000000E00
9.816851E01, 0.000000E00
9.788853E01, 0.000000E00
9.758910E01, 0.000000E00
9.727029E01, 0.000000E00
9.693226E01, 0.000000E00
9.657509E01, 0.000000E00
9.619894E01, 0.000000E00
9.580392E01, 0.000000E00
9.539020E01, 0.000000E00
9.495792E01, 0.000000E00
9.450723E01, 0.000000E00
9.403830E01, 0.000000E00
9.355129E01, 0.000000E00
9.304639E01, 0.000000E00
9.252378E01, 0.000000E00
9.198364E01, 0.000000E00
9.142617E01, 0.000000E00
9.085157E01, 0.000000E00
9.026006E01, 0.000000E00
8.965181E01, 0.000000E00
8.902709E01, 0.000000E00
8.838611E01, 0.000000E00
8.772909E01, 0.000000E00
8.705627E01, 0.000000E00
8.636788E01, 0.000000E00
8.566419E01, 0.000000E00
8.494544E01, 0.000000E00
8.421188E01, 0.000000E00
8.346379E01, 0.000000E00
8.270142E01, 0.000000E00
8.192505E01, 0.000000E00
8.113496E01, 0.000000E00
8.033142E01, 0.000000E00
7.951472E01, 0.000000E00
7.868515E01, 0.000000E00
7.784300E01, 0.000000E00
7.698858E01, 0.000000E00
7.612218E01, 0.000000E00
7.524411E01, 0.000000E00
7.435468E01, 0.000000E00
7.345421E01, 0.000000E00
7.254301E01, 0.000000E00
7.162139E01, 0.000000E00
7.068968E01, 0.000000E00
6.974822E01, 0.000000E00
6.879732E01, 0.000000E00
6.783732E01, 0.000000E00
6.686855E01, 0.000000E00
6.589135E01, 0.000000E00
6.490606E01, 0.000000E00
6.391302E01, 0.000000E00
6.291257E01, 0.000000E00
6.190505E01, 0.000000E00
6.089082E01, 0.000000E00
5.987023E01, 0.000000E00
5.884361E01, 0.000000E00
5.781133E01, 0.000000E00
5.677374E01, 0.000000E00
5.573118E01, 0.000000E00
5.468402E01, 0.000000E00
5.363260E01, 0.000000E00
5.257729E01, 0.000000E00
5.151843E01, 0.000000E00
5.045639E01, 0.000000E00
4.939152E01, 0.000000E00
4.832418E01, 0.000000E00
4.725472E01, 0.000000E00
4.618350E01, 0.000000E00
4.511087E01, 0.000000E00
4.403719E01, 0.000000E00
4.296281E01, 0.000000E00
4.188809E01, 0.000000E00
4.081338E01, 0.000000E00
3.973902E01, 0.000000E00
3.866537E01, 0.000000E00
3.759278E01, 0.000000E00
3.652158E01, 0.000000E00
3.545214E01, 0.000000E00
3.438478E01, 0.000000E00
3.331985E01, 0.000000E00
3.225768E01, 0.000000E00
3.119862E01, 0.000000E00
3.014300E01, 0.000000E00
2.909114E01, 0.000000E00
2.804338E01, 0.000000E00
2.700005E01, 0.000000E00
2.596146E01, 0.000000E00
2.492793E01, 0.000000E00
2.389978E01, 0.000000E00
2.287733E01, 0.000000E00
2.186088E01, 0.000000E00
2.085074E01, 0.000000E00
1.984721E01, 0.000000E00
1.885059E01, 0.000000E00
1.786117E01, 0.000000E00
1.687925E01, 0.000000E00
1.590510E01, 0.000000E00
1.493903E01, 0.000000E00
1.398129E01, 0.000000E00
1.303217E01, 0.000000E00
1.209192E01, 0.000000E00
1.116083E01, 0.000000E00
1.023914E01, 0.000000E00
9.327114E00, 0.000000E00
8.424995E00, 0.000000E00
7.533030E00, 0.000000E00
6.651459E00, 0.000000E00
5.780514E00, 0.000000E00
4.920427E00, 0.000000E00
4.071418E00, 0.000000E00
3.233707E00, 0.000000E00
2.407506E00, 0.000000E00
1.593021E00, 0.000000E00
7.904538E-01, 0.000000E00
##END=
