##TITLE= reburp_64
##JCAMP-DX= 5.00 Bruker JCAMP library
##DATA TYPE= Shape Data
##ORIGIN= Bruker BioSpin GmbH
##OWNER= <jurgen>
##DATE= 2009/06/12
##TIME= 15:10:36
##$SHAPE_PARAMETERS= Type: reBURP ; Total Sweep-Width (in Hz): 2400 ; Length of Pulse (in usec): 1500 ; Power: 694.4 Hz, 27.3 dB
##MINX= -1.160020E02
##MAXX= 6.200000E02
##MINY= 0.000000E00
##MAXY= 0.000000E00
##$SHAPE_EXMODE= Refocussing
##$SHAPE_TOTROT= 1.800000E02
##$SHAPE_TYPE= Refocussing
##$SHAPE_USER_DEF= 
##$SHAPE_REPHFAC= 
##$SHAPE_BWFAC= 0.000000E00
##$SHAPE_BWFAC50= 
##$SHAPE_INTEGFAC= 7.981016E-02
##$SHAPE_MODE= 0
##NPOINTS= 64
##XYPOINTS= (XY..XY)
-4.707900E01, 0.000000E00
-3.959450E01, 0.000000E00
-3.034090E01, 0.000000E00
-2.138610E01, 0.000000E00
-1.255910E01, 0.000000E00
-2.031280E00, 0.000000E00
1.147350E01, 0.000000E00
2.686140E01, 0.000000E00
4.099370E01, 0.000000E00
5.086690E01, 0.000000E00
5.548160E01, 0.000000E00
5.554700E01, 0.000000E00
5.152690E01, 0.000000E00
4.240910E01, 0.000000E00
2.677620E01, 0.000000E00
5.000000E00, 0.000000E00
-2.011650E01, 0.000000E00
-4.521020E01, 0.000000E00
-6.857440E01, 0.000000E00
-8.985560E01, 0.000000E00
-1.073100E02, 0.000000E00
-1.160020E02, 0.000000E00
-1.097050E02, 0.000000E00
-8.486140E01, 0.000000E00
-4.182340E01, 0.000000E00
1.874970E01, 0.000000E00
1.001560E02, 0.000000E00
2.076950E02, 0.000000E00
3.390520E02, 0.000000E00
4.748120E02, 0.000000E00
5.800490E02, 0.000000E00
6.200000E02, 0.000000E00
5.800490E02, 0.000000E00
4.748120E02, 0.000000E00
3.390520E02, 0.000000E00
2.076950E02, 0.000000E00
1.001560E02, 0.000000E00
1.874970E01, 0.000000E00
-4.182340E01, 0.000000E00
-8.486140E01, 0.000000E00
-1.097050E02, 0.000000E00
-1.160020E02, 0.000000E00
-1.073100E02, 0.000000E00
-8.985560E01, 0.000000E00
-6.857440E01, 0.000000E00
-4.521020E01, 0.000000E00
-2.011650E01, 0.000000E00
5.000000E00, 0.000000E00
2.677620E01, 0.000000E00
4.240910E01, 0.000000E00
5.152690E01, 0.000000E00
5.554700E01, 0.000000E00
5.548160E01, 0.000000E00
5.086690E01, 0.000000E00
4.099370E01, 0.000000E00
2.686140E01, 0.000000E00
1.147350E01, 0.000000E00
-2.031280E00, 0.000000E00
-1.255910E01, 0.000000E00
-2.138610E01, 0.000000E00
-3.034090E01, 0.000000E00
-3.959450E01, 0.000000E00
-4.707900E01, 0.000000E00
-5.000000E01, 0.000000E00
##END=
